0000000000000100111101011111000000010
0000000000000101100101000101001110010
0000000000000001001111111001101100010
1111111111110111101000101110110010110
1111111111101010100110101101110011111
1111111111011101001101010111011100110
1111111111010010001110100001000100010
1111111111001011010011100001011111101
1111111111001010001000001101111101000
1111111111001110010001000001100010101
1111111111010100110011111110011110110
1111111111011100001101010111111110001
1111111111100010110101111111001001011
1111111111101010111010001001100001100
1111111111111001110000100010100101100
0000000000010000010110110101111010001
0000000000101011011100111111001011011
0000000000111011010111101101010110001
0000000000110111000001110110000010100
0000000000011010001000001110010010111
1111111111101110011110110010001100001
1111111111000011100010101011011010101
1111111110110010001011010001110010100
1111111111000011100010101011011010101
1111111111101111101001000001110110011
0000000000100000000011001110011000111
0000000000111100001100110000110111100
0000000000111001010111101110011000111
0000000000011111101100010010001100001
0000000000000110011011001011011010101
1111111111111000010101010001110010100
1111111111111011001110001011011010101
0000000000001011100101000010100001111
0000000000011011010010101110010010111
0000000000101100001011110110000010100
0000000000111100100010001101010110001
0000000001001000100011001111100001001
0000000001001111001011110101111101001
0000000001000110001010000000000000000
0000000000101011011000001010000010111
0000000000000110011100000000001001001
1111111111100011110111110010101111111
1111111111001110001001000100110010100
1111111111001010100011010010101111111
1111111111010100000100010000011110111
1111111111101000011111101010000010111
0000000000000000000000000000000000000
0000000000010111100000010101111101001
0000000000101011011100111111001011011
0000000000111011010111101101010110001
0000000000110111000001110110000010100
0000000000011010001000001110010010111
1111111111101110011110110010001100001
1111111111000011100010101011011010101
1111111110110010001011010001110010100
1111111111000011100010101011011010101
1111111111101101010100100010100001111
0000000000011010001000001110010010111
0000000000110111000001110110000010100
0000000000111011010111101101010110001
0000000000101010010010101111100001001
0000000000010011010100010101111101001
1111111111111100010110000000000000000
1111111111101001111010001010000010111
1111111111011111100001100000001001001
1111111111010110101000010010101111111
1111111111010011100100000100110010100
1111111111010110101000010010101111111
1111111111011100101110010000011110111
1111111111101001111010001010000010111
1111111111111100010110000000000000000
0000000000010011010100010101111101001
0000000000101011011100111111001011011
0000000000111011010111101101010110001
0000000000110111000001110110000010100
0000000000011010001000001110010010111
1111111111101110011110110010001100001
1111111111000011100010101011011010101
1111111110110010001011010001110010100
1111111111000011100010101011011010101
1111111111101101010100100010100001111
0000000000011010001000001110010010111
0000000000110111000001110110000010100
0000000000111011010111101101010110001
0000000000101011111011101111100001001
0000000000010111100000010101111101001
0000000000000000000000000000000000000
1111111111101000011111101010000010111
1111111111010100100011000000110100101
1111111111000100101000010010101001111
1111111111001000111110001001111101100
1111111111100101110111110001101101001
0000000000010011001010001101110011111
0000000001000000101001010100100101011
0000000001010001011110101110001101100
0000000000111011000010110100100101011
0000000000001010000001011101011110001
1111111111011001110010110001101101001
1111111111000011100011001001111101100
1111111111010001110111110010101001111
1111111111111010111110110000011110111
0000000000100101110001101010000010111
0000000001000110001010000000000000000
0000000001010100110010010101111101001
0000000001010010010111011111001011011
0000000001001000100111001101010110001
0000000000110001100110110110000010100
0000000000001110000011001110010010111
1111111111100111011101110010001100001
1111111111000110010100001011011010101
1111111110111001011111010001110010100
1111111111000110010100001011011010101
1111111111100110111111000001110110011
0000000000010011111110001110011000111
0000000000110110110001110000110111100
0000000001000110100111001110011000111
0000000001000110100110110010001100001
0000000001000011101101001011011010101
0000000000111110011111010001110010100
0000000000111000100000001011011010101
0000000000110010011111100010100001111
0000000000101000100010001110010010111
0000000000100110110000110110000010100
0000000000110000011101001101010110001
0000000001000001100010001111100001001
0000000001010001111101010101111101001
0000000001001101011110000000000000000
0000000000101110001001101010000010111

